16	47.82053186746053,-2.757568359375	47.7598276	-2.8506244	ChIJKdRUN_oiEEgRoDgFio1bKI8
16	47.82053186746053,-2.757568359375	47.760437	-2.8598315	ChIJvSjtK-QiEEgRV8Owqdhm2ko
1	48.378145469762444,-4.21875	48.292342	-4.267633	ChIJYYVa1VrKFkgRSLWykVcYG7Y
1	48.86471476180277,2.340087890625	48.8259598	2.2732613	ChIJC-alQ4J65kcRESHJlSCJK1M
1	48.84664340683584,2.900390625	48.8549457	2.7831687	ChIJEWhyiiUd5kcR_iad7uW3bwI
12	47.65428791076271,-2.977294921875	47.7240254	-2.9648756	ChIJKXDNPgIWEEgRmlRjk9cQ6IM
1	48.5929591811917,-2.52685546875	48.6371479	-2.4341572	ChIJOUM5lMt0DkgR9Z_c9w2Wb_I
12	47.65428791076271,-2.977294921875	47.735913	-2.981504	ChIJhSzVmw8-EEgRBRu3GKgqGX4
12	47.65428791076271,-2.977294921875	47.6995808	-2.9078716	ChIJk1krj7wXEEgRkkuXrpMnPdk
16	47.82053186746053,-2.757568359375	47.75441	-2.780109	ChIJEYqhbL0hEEgRN-vPyO6mrFM
1	43.34116005412307,6.767578125	43.4263807	6.7689755	ChIJLwD9KcSZzhIRnORSjpAxxjY
16	47.82053186746053,-2.757568359375	47.8181512	-2.8080319	ChIJLRKVLQMkEEgRc_dvcu9bUXk
1	47.72084919070233,-3.3673095703125	47.731572	-3.31845	ChIJszHPu-ZdEEgRT2sDEOHRtic
16	47.82053186746053,-2.757568359375	47.7592255	-2.8472403	ChIJiSknx_kiEEgRiXA_0mGBiTc
1	43.04480541304369,3.021240234375	43.1103223	3.0933565	ChIJvfn3OWFVsBIRd6r2NOysQSM
12	47.65428791076271,-2.977294921875	47.6684567	-2.9950388	ChIJxyyYsUMUEEgR8jG9LP8Nyno
1	48.16242149265211,-4.1748046875	48.1959173	-4.0931744	ChIJGc6EApAxEUgRAAkEZwKYa2E
1	47.53203824675999,-2.4554443359375	47.5181564	-2.5643234	ChIJyXlDBrj7D0gRAZ0vhkjsyXs
1	47.476375797209336,-0.3955078125	47.4503922	-0.4911393	ChIJS3c8zQF4CEgRu8jaU0Vpql0
12	47.65428791076271,-2.977294921875	47.604774	-2.993817	ChIJ187sfqgTEEgRJvwBQowZxqE
1	46.20644812194458,1.51611328125	46.2365421	1.4872911	ChIJJeeqpjXi-0cRaivXo2TBCFw
1	47.83159592699297,-3.0322265625	47.77452	-2.945839	ChIJf09Hl088EEgRXIyN7ToI27U
1	48.070738264258296,-3.955078125	48.0290832	-3.9512258	ChIJtazSxe4nEUgRRIPwVfSkJ8g
1	43.16111586765961,6.4215087890625	43.1712515	6.5346991	ChIJ_YVlRE3OzhIRg_3pYijJE-I
1	50.23490869265563,2.7630615234375	50.2881196	2.7810182	ChIJub71NXFI3UcR1rXp6RK9t0U
1	47.94578646368719,-4.37255859375	47.9574973	-4.3631774	ChIJLd9czMonF0gRXyBFO7bxjnc
1	43.834526782236814,5.009765625	43.8344204	5.0430359	ChIJ-cDfx_X3tRIRHD99G8n9cz0
12	47.65428791076271,-2.977294921875	47.6718551	-2.9773303	ChIJXWCtUCMUEEgRHvqoSUTxzWA
9	47.67278567576542,-2.713623046875	47.758382	-2.842669	ChIJQ8Wj91ciEEgREv9RW3fRLYM
1	47.16730970131579,0.9722900390625	47.1248641	0.9968008	ChIJR4j03nyV_EcRX-YVJa5aAV8
16	47.82053186746053,-2.757568359375	47.7595823	-2.8481702	ChIJb-7Jk_kiEEgRpWxOXgLh59s
12	47.65428791076271,-2.977294921875	47.6566133	-2.9814221	ChIJy1kaAxIUEEgRg6_96uC80vw
1	48.37449671682332,-4.427490234375	48.3776741	-4.3723319	ChIJ0zw6ziK3FkgRl0Xn-ESLmnU
1	47.779943470641264,-3.790283203125	47.833708	-3.891034	ChIJ95ixg5TEEEgRhbtS_Z9l2cU
10	47.58764167941513,-3.1146240234375	47.6642332	-2.9825735	ChIJ17IAxRUUEEgR-YMo4DznANE
16	47.82053186746053,-2.757568359375	47.759124	-2.8468783	ChIJOdAjxvkiEEgRuldiqh42k4c
16	47.82053186746053,-2.757568359375	47.7571361	-2.8432643	ChIJRwcCClgiEEgRoeK8MRWXJQU
16	47.82053186746053,-2.757568359375	47.7583864	-2.8716406	ChIJT4KURNsiEEgRXAcJnCRQO2Q
10	47.58764167941513,-3.1146240234375	47.6642053	-2.9833942	ChIJp-UixxUUEEgROdJrR6jelqE
1	49.088257784724675,7.1246337890625	49.1115013	7.0660575	ChIJRXYtdXc1lEcRl-kKz9No5uE
16	47.82053186746053,-2.757568359375	47.7591755	-2.8558099	ChIJhXqh-foiEEgRNyWTqnFbllc
12	47.65428791076271,-2.977294921875	47.6683953	-2.9860108	ChIJ-y9ACj8UEEgR47ZvXzW9Ctk
1	48.15509285476017,-3.58154296875	48.2380397	-3.6708968	ChIJe0xns8MREUgRbHpAtXj1TRQ
1	47.938426929481054,-3.9990234375	47.9771417	-4.1019813	ChIJ0xLYdLrVEEgRfmmmL_t7q6A
1	47.956823800497475,-3.790283203125	47.994029	-3.723507	ChIJCT_tQo7hEEgRxKpQXZbA8EQ
16	47.82053186746053,-2.757568359375	47.7598935	-2.856125	ChIJi4auGeUiEEgR-pPmRQilERc
12	47.65428791076271,-2.977294921875	47.6644326	-2.9846225	ChIJ-WEl-xcUEEgRvQjJqNMIkFM
1	47.39463076190644,1.7193603515625	47.359618	1.7453767	ChIJL6QmHP0z-0cRF7cydYWv7-o
3	47.78363463526376,-3.5101318359375	47.7553089	-3.508661	ChIJw0NnxYbzEEgRr8rwHpInYn0
9	47.67278567576542,-2.713623046875	47.688126	-2.798437	ChIJMbUygSkZEEgRSFfzq0xhnlI
1	43.63408731864001,1.38427734375	43.6052829	1.4459232	ChIJ0X-MYp68rhIRngJDUAfcJos
16	47.82053186746053,-2.757568359375	47.779409	-2.828633	ChIJ3e2o87kjEEgRij4M2TgdJQg
1	47.99359789867388,-4.5208740234375	48.0298122	-4.6338375	ChIJH2KYS9LjFkgRG1X9VMIZjjY
16	47.82053186746053,-2.757568359375	47.792648	-2.8242795	ChIJ4elvBr4jEEgRP_sUt0UWs1M
1	49.78835749241399,3.3782958984375	49.8314171	3.3077501	ChIJDQHKWJci6EcRfsxpnRuqBIA
3	47.78363463526376,-3.5101318359375	47.751173	-3.509302	ChIJXetJkoHzEEgRneQ66MxR3o0
1	47.85003078545827,-4.163818359375	47.8621388	-4.2203018	ChIJ0VcVKeotF0gRfjAqvdgvpQ8
12	47.65428791076271,-2.977294921875	47.6644106	-2.9811587	ChIJEYaOcRYUEEgR7oY0TAIlLq0
1	48.472921272487824,-3.2135009765625	48.5339362	-3.3510709	ChIJP7OPR2uFEUgRLunL85JEjP0
1	44.008620115415354,4.8614501953125	44.0050125	4.8708213	ChIJv7PkD8eStRIR3tWxkmtQmho
12	47.65428791076271,-2.977294921875	47.6566957	-2.9813974	ChIJy1kaAxIUEEgREC4c58PhDGo
9	47.67278567576542,-2.713623046875	47.6882773	-2.7981591	ChIJU-n1fC4ZEEgRgAh31MYGN7c
1	45.706179285330855,4.8779296875	45.7566344	4.8982904	ChIJq8mH_rPB9EcRYL3lEn2dINw
1	48.235650297553086,-3.6968994140625	48.2348427	-3.7299116	ChIJMR-IQDkREUgR5TCNKroi62E
16	47.82053186746053,-2.757568359375	47.7597397	-2.8503664	ChIJMZOLOPoiEEgRokfdYlXUe7o
16	47.82053186746053,-2.757568359375	47.7609467	-2.7675173	ChIJI_RsW6UhEEgRMiIR2v2wJ5U
12	47.65428791076271,-2.977294921875	47.6674387	-3.00788	ChIJ9y5Kol8UEEgRiBxUEUEZINQ
1	48.28684818710906,-3.49365234375	48.288606	-3.6146394	ChIJB1HA8kwMEUgRBGTj2IYM3Jg
16	47.82053186746053,-2.757568359375	47.7752499	-2.8706771	ChIJy5zWDiMjEEgR6uY4mRlGmJ0
1	49.930008124606886,2.70263671875	50.0155739	2.6973836	ChIJ541Q_PZY3UcR7vF2K6cS9gE
1	47.853716971068195,-3.197021484375	47.8572303	-3.2823395	ChIJpYZiY4taEEgRCDv8XArdDlU
3	47.78363463526376,-3.5101318359375	47.754316	-3.515855	ChIJ5WexVYPzEEgRV16I0B2a5Xo
