50.9962236	2.2037594
50.9861867	1.9723252
50.5243025	1.5841594
50.4814536	1.5901449
50.7318835	1.5955618
50.9628283	1.8350415
50.5223305	1.5782003
50.8863741	1.6632638
50.8207334	1.5952928
50.7057685	1.5684189
50.962393	1.8301316
50.5140463	1.577912
50.6772854	1.5699377
50.3391291	1.5506801
51.0026985	2.0974154
50.3392856	1.5522551
50.6682375	1.5694037
50.47355	1.591838
50.956074	1.799311
50.3420121	1.5607774
50.7030072	1.7230518
50.6910182	1.8287052
50.834672	2.176926
50.4377466	1.6111907
50.727733	1.7190687
50.6473465	1.629583
50.6482237	1.6741448
50.6834566	1.7003792
50.236906	1.832238
50.854049	1.86869
50.7315882	1.7072129
50.47355	1.591838
50.518661	1.592494
50.6528274	1.6021969
50.3966667	2.0216667
50.4005619	1.9767429
50.7711111	2.0497222
50.3741972	2.0398999
50.8344444	1.8680556
50.52171	1.5923684
50.9519902	1.8506952
50.7450768	1.9124617
50.747369	1.8396951
50.7030515	1.5822377
50.9561272	1.8520326
50.5776535	1.580853
50.734745	1.700864
50.4235448	1.5702254
50.9745809	2.128761
50.80876	2.055606
50.5796587	1.5810514
50.4143011	1.5788451
50.570894	2.1539429
50.9878395	2.2212523
50.8078153	2.053104
50.5699098	1.5931141
50.262631	1.584905
50.715668	1.584649
50.493009	1.650009
50.5257242	1.5808176
50.8648327	1.9742226
50.6432659	1.6137801
50.9366544	2.0132152
50.8603833	1.9797715
50.87091	1.980414
50.871393	1.9736557
50.857142	1.975744
50.8593986	1.9744587
50.8733812	1.9786595
50.866373	1.9518776
50.8561147	1.9681081
50.8567144	1.9747344
50.8436565	1.8987235
50.5634372	1.8180641
44.9385084	0.0716997
50.8666602	1.9747131
45.1341429	5.005002
48.4011768	-2.3174302
46.7575077	-1.7211091
50.7837549	2.0844975
50.233844	2.685276
50.6142817	1.751243
50.7900553	1.9512894
50.8460967	2.0923869
50.4801487	1.6459806
50.7473024	2.2996274
50.294576	1.651253
50.300634	1.683998
50.3706922	1.7754629
50.402439	2.123264
50.576828	2.177839
50.4028995	2.1215739
50.6682198	1.8447757
50.539864	2.166735
50.8205246	2.0772293
50.6286271	1.653928
50.3105415	1.8973357
49.8553516	2.378516
50.4325	2.6450601
50.6294507	2.6404329
50.782683	2.697664
51.1344689	1.3573028
51.1368312	1.3659221
51.15	1.4
51.0450704	1.4520901
51.090121	0.9384712
51.1365283	1.2930802
50.925419	1.706923
50.871091	1.583382
50.373433	1.562661
50.750421	1.594835
50.6099238	1.608511
50.834672	2.176926
50.796498	1.615331
50.665887	1.853885
51.1140833	1.1388333
51.0921271	1.1535929
50.5464503	1.610793
51.0289769	0.8460131
50.9325988	0.7954399
51.2229311	0.9200053