1	50.69471783819288,3.01025390625	50.62255	3.045466	ChIJMZdrRnTVwkcRZ-LmZPUa-6c
1	50.698197366045555,3.076171875	50.62255	3.045466	ChIJMZdrRnTVwkcRZ-LmZPUa-6c
1	50.57626025689929,3.1585693359375	50.62255	3.045466	ChIJMZdrRnTVwkcRZ-LmZPUa-6c
1	50.54136296522163,2.911376953125	50.62255	3.045466	ChIJMZdrRnTVwkcRZ-LmZPUa-6c
1	48.929717630629554,8.06396484375	48.858279	8.0895835	ChIJR18qJfXjlkcRx9IRIMVCnx4
1	48.574789910928864,7.657470703125	48.571111	7.791944	ChIJmQai3yXJlkcRAglkIRTrpCQ
1	46.13417004624326,6.064453125	46.1849981	6.1412784	ChIJq4orbdl6jEcRq8vqoqHitig
1	43.548548110912854,7.1246337890625	43.6097279	7.12055	ChIJzRNdMuLUzRIR4rhkunFNCpE
1	43.137069765760344,5.899658203125	43.2067515	5.781042	ChIJH-fWPvIIyRIRgQTYI1J7moY
1	43.229195113965,5.8062744140625	43.2067515	5.781042	ChIJH-fWPvIIyRIRgQTYI1J7moY
1	43.504736854976954,5.0921630859375	43.5124344	4.9901177	ChIJNTpaUbwcthIRpz2SxCRhIxk
1	43.45690646829029,4.9053955078125	43.5124344	4.9901177	ChIJNTpaUbwcthIRpz2SxCRhIxk
1	43.937461690316646,4.6966552734375	43.949509	4.800184	ChIJzWDYzJrrtRIRAPCvBtjQYp8
1	44.008620115415354,4.8614501953125	43.949509	4.800184	ChIJzWDYzJrrtRIRAPCvBtjQYp8
1	43.711564246658504,3.9056396484375	43.7182176	3.8441501	ChIJx4E8lOepthIRMBvF_bXYejk
1	43.64005063334696,3.80126953125	43.7182176	3.8441501	ChIJx4E8lOepthIRMBvF_bXYejk
1	42.718768102606326,3.1146240234375	42.7123874	3.036027	ChIJjd_WWHtksBIRVIX2EOOUKMY
1	42.67435857693382,2.955322265625	42.7123874	3.036027	ChIJjd_WWHtksBIRVIX2EOOUKMY
1	42.95240208568969,2.2686767578125	42.8745643	2.1851045	ChIJ3_uuJq3BrxIRjCsCOjR9G9I
1	44.57090430226871,-0.4010009765625	44.5932915	-0.3027299	ChIJjSsDQiwTVQ0RxAysXTpkcWc
1	44.64520822374404,-0.5328369140625	44.733145	-0.468356	ChIJO9DLEd4iVQ0RMNn_TDqfsyk
1	45.44857064811582,-0.8734130859375	45.4277408	-0.8613115	ChIJVbJJnS7VAUgRdw1tKGsbXOg
5	44.84808025602073,-0.604248046875	44.767119	-0.508486	ChIJsxTC2IwjVQ0Ry4lNzMpikZA
5	44.84808025602073,-0.604248046875	44.844738	-0.569913	ChIJhygnzNYnVQ0RRSiKj9qsb_Q
5	44.84808025602073,-0.604248046875	44.844496	-0.570715	ChIJ7f-mKtcnVQ0RdXbLy-RXdxU
5	44.84808025602073,-0.604248046875	44.8399754	-0.5577378	ChIJldYfIC4mVQ0Rd-nJBqwA6RU
5	44.84808025602073,-0.604248046875	44.9260019	-0.509069	ChIJN1WarR8sVQ0RgMIE7B4TKW8
5	44.92980751215391,-0.4888916015625	44.844738	-0.569913	ChIJhygnzNYnVQ0RRSiKj9qsb_Q
5	44.92980751215391,-0.4888916015625	44.9899743	-0.4673971	ChIJjwcldkgtVQ0RUeMijL-FJZU
5	44.92980751215391,-0.4888916015625	44.844496	-0.570715	ChIJ7f-mKtcnVQ0RdXbLy-RXdxU
5	44.92980751215391,-0.4888916015625	44.8399754	-0.5577378	ChIJldYfIC4mVQ0Rd-nJBqwA6RU
5	44.92980751215391,-0.4888916015625	44.9260019	-0.509069	ChIJN1WarR8sVQ0RgMIE7B4TKW8
6	44.78573392716593,-0.4779052734375	44.767119	-0.508486	ChIJsxTC2IwjVQ0Ry4lNzMpikZA
6	44.78573392716593,-0.4779052734375	44.844738	-0.569913	ChIJhygnzNYnVQ0RRSiKj9qsb_Q
6	44.78573392716593,-0.4779052734375	44.844496	-0.570715	ChIJ7f-mKtcnVQ0RdXbLy-RXdxU
6	44.78573392716593,-0.4779052734375	44.8399754	-0.5577378	ChIJldYfIC4mVQ0Rd-nJBqwA6RU
6	44.78573392716593,-0.4779052734375	44.749505	-0.492625	ChIJQewNnaYjVQ0RJO0Hl4AAlI8
6	44.78573392716593,-0.4779052734375	44.733145	-0.468356	ChIJO9DLEd4iVQ0RMNn_TDqfsyk
1	44.707706221835345,-0.3460693359375	44.733145	-0.468356	ChIJO9DLEd4iVQ0RMNn_TDqfsyk
1	44.89090425391711,-0.3350830078125	44.9088471	-0.3198329	ChIJlzGiHms2VQ0RIeMOUmunlok
1	45.04635929200553,-0.3515625	44.9899743	-0.4673971	ChIJjwcldkgtVQ0RUeMijL-FJZU
1	50.97053534404603,2.0819091796875	50.9026495	2.1717935	ChIJG0Jc04Jd3EcRMkvrnoXXCw0
1	50.776418510713576,1.60675048828125	50.72	1.61	ChIJaZNnzFos3EcRl3uxLaM2Pxo
1	50.6337843087893,1.5875244140625	50.72	1.61	ChIJaZNnzFos3EcRl3uxLaM2Pxo
1	50.68949806239989,1.72760009765625	50.72	1.61	ChIJaZNnzFos3EcRl3uxLaM2Pxo
1	50.80940599750376,1.78802490234375	50.757368	1.7236145	ChIJAYmqAXkx3EcRfhbYtCmfh_I
1	50.877044231111014,2.1917724609375	50.9026495	2.1717935	ChIJG0Jc04Jd3EcRMkvrnoXXCw0
1	49.905249238801304,1.153564453125	49.907023	1.108937	ChIJ8TUFFkai4EcRm6zsMOW1t98
1	49.88932609842728,0.966796875	49.907023	1.108937	ChIJ8TUFFkai4EcRm6zsMOW1t98
1	49.848609753448336,0.78826904296875	49.8712456	0.7998445	ChIJ-_2YPQuG4EcRezMHRI8_HQA
1	49.532339195028115,0.14556884765625	49.4839885	0.1526815	ChIJo16jcEou4EcRjwRp5ibmjI8
1	49.39488751687891,0.2691650390625	49.4839885	0.1526815	ChIJo16jcEou4EcRjwRp5ibmjI8
1	49.41454708028363,0.07965087890625	49.3643369	0.0778316	ChIJMwl7xKzU4UcRdCcJaglI7Ks
1	49.31079887964632,0.14007568359375	49.3643369	0.0778316	ChIJMwl7xKzU4UcRdCcJaglI7Ks
1	49.154766002922,-1.5655517578125	49.15886	-1.5470015	ChIJAY5v3FFwDEgRIhmUY6-KwZA
1	49.24270720875383,-1.6644287109375	49.15886	-1.5470015	ChIJAY5v3FFwDEgRIhmUY6-KwZA
1	49.39488751687891,-1.7962646484375	49.3668244	-1.7518885	ChIJ7Qi3IcqKDEgR6CQk33v8oRQ
1	49.41454708028363,-1.6204833984375	49.3668244	-1.7518885	ChIJ7Qi3IcqKDEgR6CQk33v8oRQ
1	48.857487002645485,-1.5325927734375	48.792072	-1.4851184	ChIJS9ROXAgEDEgRjYLkp50p3gc
1	48.730832226135156,-1.5380859375	48.792072	-1.4851184	ChIJS9ROXAgEDEgRjYLkp50p3gc
1	48.345297278960146,-4.691162109375	48.3598971	-4.5678529	ChIJxWwNaTi-FkgRdiEF_P79gt8
1	48.42920055556841,-4.5538330078125	48.3598971	-4.5678529	ChIJxWwNaTi-FkgRdiEF_P79gt8
1	48.30146673770983,-4.5428466796875	48.3598971	-4.5678529	ChIJxWwNaTi-FkgRdiEF_P79gt8
1	47.779943470641264,-3.790283203125	47.8030047	-3.7383018	ChIJjYoTZFHoEEgR-bfeGNlZjKE
1	47.853716971068195,-3.6968994140625	47.8030047	-3.7383018	ChIJjYoTZFHoEEgR-bfeGNlZjKE
1	48.38179396120498,-2.83447265625	48.4659075	-2.726192	ChIJn0yy3DccDkgRSW_vKaY2KwE
1	48.41097247934197,-2.5982666015625	48.4659075	-2.726192	ChIJn0yy3DccDkgRSW_vKaY2KwE
1	47.61356975397398,-2.1148681640625	47.580341	-2.125571	ChIJpXRSvdGED0gRE3vV6FdWNU8
1	47.238219359726806,-1.3677978515625	47.2597061	-1.4147892	ChIJHXZlmZTkBUgRrlofv5JQG0I
1	47.39463076190644,-1.5216064453125	47.306359	-1.4963218	ChIJSYZHEGzwBUgR_x7Msgcg98c
1	47.36859434521338,-1.3787841796875	47.306359	-1.4963218	ChIJSYZHEGzwBUgR_x7Msgcg98c
1	47.33882269482199,-1.20849609375	47.369722	-1.120556	ChIJGedAmZwcBkgRldrZtRdfUnI
1	46.3583020562222,-1.2030029296875	46.2936412	-1.0827344	ChIJS4pC0Y6uBkgRXtK9jRBbL80
1	46.27863122156088,-1.043701171875	46.2936412	-1.0827344	ChIJS4pC0Y6uBkgRXtK9jRBbL80
1	45.69850658738845,-0.670166015625	45.7191231	-0.6493199	ChIJC8Dxo_sCAUgR6IyUBXZSi-E
1	45.73685954736049,-0.15380859375	45.6499658	-0.1059464	ChIJ1yRRMfCGAEgRQACINGjuKgQ
1	45.614037411350935,-0.0164794921875	45.6499658	-0.1059464	ChIJ1yRRMfCGAEgRQACINGjuKgQ
1	45.57560020947802,-0.164794921875	45.6499658	-0.1059464	ChIJ1yRRMfCGAEgRQACINGjuKgQ
1	49.468124067331644,1.043701171875	49.4429798	1.0822536	ChIJWVbswN_d4EcRdHwdlqQ5xrs
1	48.98742700601184,2.2247314453125	48.9777226	2.1758404	ChIJdWRKtCFh5kcROASGi8n9xJg
1	49.05946984717052,2.076416015625	48.9777226	2.1758404	ChIJdWRKtCFh5kcROASGi8n9xJg
1	48.62927812796941,1.7852783203125	48.6465551	1.8249714	ChIJ6-q7H50-5EcR0cMqRr9zVtQ
1	47.44666502261753,-1.021728515625	47.369722	-1.120556	ChIJGedAmZwcBkgRldrZtRdfUnI
1	47.33882269482199,-1.0052490234375	47.369722	-1.120556	ChIJGedAmZwcBkgRldrZtRdfUnI
1	47.34626718205302,-0.4449462890625	47.4097318	-0.3216627	ChIJjTuyUIfgB0gROcfHvi4WZ4E
1	47.42808726171425,-0.252685546875	47.4097318	-0.3216627	ChIJjTuyUIfgB0gROcfHvi4WZ4E
1	47.476375797209336,-0.3955078125	47.4097318	-0.3216627	ChIJjTuyUIfgB0gROcfHvi4WZ4E
1	47.42437092240519,0.8624267578125	47.4182932	0.9824905	ChIJsRGTUJzK_EcRwvHuGQQwWQk
4	48.86471476180277,2.340087890625	48.8492855	2.3684405	ChIJ65XJRwJy5kcRCP0UisMtMjQ
4	48.86471476180277,2.340087890625	48.8748175	2.3810989	ChIJgV0tFuht5kcRZ_Tu8fO_Z10
4	48.86471476180277,2.340087890625	48.8844152	2.3056147	ChIJASJYWbxv5kcRFG-nB7txfxY
4	48.86471476180277,2.340087890625	48.8660115	2.3215106	ChIJy8MIvdJv5kcR7n0OD9Y8zjQ
2	48.879167148960214,2.471923828125	48.8492855	2.3684405	ChIJ65XJRwJy5kcRCP0UisMtMjQ
2	48.879167148960214,2.471923828125	48.8748175	2.3810989	ChIJgV0tFuht5kcRZ_Tu8fO_Z10
2	48.71271258145238,2.39501953125	48.7404311	2.3159024	ChIJE6iXj_525kcROae9uiEDBVg
2	48.71271258145238,2.39501953125	48.6407257	2.3036387	ChIJHQIWsqDZ5UcRGOYfoafKFx8
2	48.71271258145238,2.2357177734375	48.7404311	2.3159024	ChIJE6iXj_525kcROae9uiEDBVg
2	48.71271258145238,2.2357177734375	48.6407257	2.3036387	ChIJHQIWsqDZ5UcRGOYfoafKFx8
1	48.585692256886624,1.922607421875	48.6465551	1.8249714	ChIJ6-q7H50-5EcR0cMqRr9zVtQ
1	48.618385186884865,2.3675537109375	48.6407257	2.3036387	ChIJHQIWsqDZ5UcRGOYfoafKFx8
3	48.43284538647476,2.87841796875	48.3975673	2.9482137	ChIJj90v3ytd70cRTI6eDdKUAXc
3	48.43284538647476,2.87841796875	48.3627019	2.9574472	ChIJIUjBncxC70cRe3msp0RpaIo
3	48.43284538647476,2.87841796875	48.3981966	2.978129	ChIJ9fBGU-BC70cRe5Vi5xPpzfM
3	48.389090159616025,3.01025390625	48.3975673	2.9482137	ChIJj90v3ytd70cRTI6eDdKUAXc
3	48.389090159616025,3.01025390625	48.3627019	2.9574472	ChIJIUjBncxC70cRe3msp0RpaIo
3	48.389090159616025,3.01025390625	48.3981966	2.978129	ChIJ9fBGU-BC70cRe5Vi5xPpzfM
1	48.29781249243716,2.7685546875	48.2744615	2.7066165	ChIJs-6mq_HP70cRhbA8zshbkbM
1	43.644025847699496,1.5216064453125	43.6238167	1.399773	ChIJK-O_U9G6rhIRBXuUjFmaRzY
1	43.7135495193143,1.307373046875	43.6238167	1.399773	ChIJK-O_U9G6rhIRBXuUjFmaRzY
1	43.63408731864001,1.38427734375	43.6238167	1.399773	ChIJK-O_U9G6rhIRBXuUjFmaRzY
1	44.861709529639704,0.77178955078125	44.8759624	0.816904	ChIJ0_4DLtswqxIRBfRr1z21lLw
1	44.60024615241099,-0.19775390625	44.5932915	-0.3027299	ChIJjSsDQiwTVQ0RxAysXTpkcWc
1	47.331377157798244,0.85418701171875	47.4182932	0.9824905	ChIJsRGTUJzK_EcRwvHuGQQwWQk
1	47.416937456635445,1.04095458984375	47.4182932	0.9824905	ChIJsRGTUJzK_EcRwvHuGQQwWQk
1	47.17477833929904,6.1029052734375	47.234992	6.080252	ChIJsyoWMfJ8jUcRx5xrUSmkT14
1	47.297859249409825,6.0150146484375	47.234992	6.080252	ChIJsyoWMfJ8jUcRx5xrUSmkT14
1	45.42929873257378,4.2681884765625	45.3742017	4.2001773	ChIJQ0t5Pl-39UcRwlACgrAH5-8
1	45.981695185122284,6.17431640625	45.9093532	6.1136223	ChIJN9Zc-VyFi0cRuJG1-tpG-aE
1	45.98932892799953,6.009521484375	45.9093532	6.1136223	ChIJN9Zc-VyFi0cRuJG1-tpG-aE
1	45.86323755296437,6.0040283203125	45.9093532	6.1136223	ChIJN9Zc-VyFi0cRuJG1-tpG-aE
1	45.80965764997407,4.1583251953125	45.742307	4.209515	ChIJpReKGE9H9EcR0TR_vNbbxQ0
1	45.70234306798272,4.1473388671875	45.742307	4.209515	ChIJpReKGE9H9EcR0TR_vNbbxQ0
1	45.556371735883125,4.74609375	45.6340268	4.7779781	ChIJk2qX2RLm9EcRRdDZugcTcm4
3	45.70234306798272,4.691162109375	45.6340268	4.7779781	ChIJk2qX2RLm9EcRRdDZugcTcm4
3	45.70234306798272,4.691162109375	45.7492938	4.8219111	ChIJ5WvDHrTr9EcR5ebNryQcHYc
3	45.70234306798272,4.691162109375	45.7745876	4.8073801	ChIJfwIxfm3r9EcRCLBVO3L3cZM
5	45.706179285330855,4.8779296875	45.7500366	4.8330402	ChIJQ2Z9rk7q9EcRjiH3_zYHlRs
5	45.706179285330855,4.8779296875	45.6340268	4.7779781	ChIJk2qX2RLm9EcRRdDZugcTcm4
5	45.706179285330855,4.8779296875	45.7642014	4.867799	ChIJj5JNxYDq9EcRMcDSUK5Ep2M
5	45.706179285330855,4.8779296875	45.7492938	4.8219111	ChIJ5WvDHrTr9EcR5ebNryQcHYc
5	45.706179285330855,4.8779296875	45.7745876	4.8073801	ChIJfwIxfm3r9EcRCLBVO3L3cZM
1	45.86323755296437,4.8944091796875	45.7745876	4.8073801	ChIJfwIxfm3r9EcRCLBVO3L3cZM
1	45.85941212790754,4.74609375	45.7745876	4.8073801	ChIJfwIxfm3r9EcRCLBVO3L3cZM
1	45.02695045318545,4.801025390625	45.06977	4.834936	ChIJCUFARmFD9UcR-VRt4pTwOh8
1	45.26715476332791,4.185791015625	45.30625	4.124286	ChIJ_cMF3am49UcRk-j8jdYxpVE
1	44.98811302615805,4.0374755859375	45.039313	3.9728343	ChIJqV9Wuwjx9UcRrGAuf7Qs8BQ
1	44.99199795382439,3.8616943359375	45.039313	3.9728343	ChIJqV9Wuwjx9UcRrGAuf7Qs8BQ
1	44.84808025602073,3.93310546875	44.854623	3.945321	ChIJo7OkP4CxtBIRv3NNStEYk5k
1	43.80678314779554,3.8287353515625	43.7182176	3.8441501	ChIJx4E8lOepthIRMBvF_bXYejk
1	47.48751300895656,1.2908935546875	47.5527831	1.2987437	ChIJcy5gfEVW40cRmMCkFQVTPMw
1	47.24940695788845,3.05419921875	47.1766213	3.017164	ChIJGfwmKeI98EcRqAuInywFN9Y
1	47.12621341795227,2.9827880859375	47.1766213	3.017164	ChIJGfwmKeI98EcRqAuInywFN9Y
1	46.9989876381546,3.109130859375	46.9831812	3.1506838	ChIJL45PmKVE8EcRlQ7Kl2ur1bc
1	45.93969078234,1.3568115234375	45.9593907	1.4032333	ChIJQZ_G1KRI-UcRwm0UHm4QOAA
1	44.95702412512118,0.87890625	44.8759624	0.816904	ChIJ0_4DLtswqxIRBfRr1z21lLw
1	44.813018740612776,0.8953857421875	44.8759624	0.816904	ChIJ0_4DLtswqxIRBfRr1z21lLw
1	43.67979094030124,3.5101318359375	43.6241441	3.4362919	ChIJVbtQiXVdsRIR6zQEel04a1c
1	43.54456658436357,3.372802734375	43.6241441	3.4362919	ChIJVbtQiXVdsRIR6zQEel04a1c
1	43.711564246658504,3.33984375	43.6241441	3.4362919	ChIJVbtQiXVdsRIR6zQEel04a1c
